100 1022
0 1 10
0 3 4
0 12 3
0 22 9
0 24 8
0 42 8
0 45 8
0 58 6
0 62 5
0 65 2
0 74 2
0 77 9
0 78 1
0 83 10
0 90 2
0 92 5
1 2 10
1 11 8
1 18 1
1 31 9
1 39 10
1 50 10
1 56 6
1 60 3
1 62 2
1 78 7
1 87 3
1 91 3
1 92 6
1 94 10
2 3 10
2 4 3
2 14 2
2 16 10
2 17 6
2 21 6
2 22 6
2 29 9
2 31 1
2 34 2
2 44 4
2 49 2
2 51 10
2 57 10
2 58 2
2 59 8
2 60 6
2 62 9
2 74 10
2 78 7
2 79 6
2 85 10
2 88 3
2 89 3
2 91 7
2 98 9
3 4 10
3 9 6
3 14 5
3 16 3
3 28 3
3 34 5
3 41 7
3 42 2
3 44 8
3 45 1
3 48 10
3 49 9
3 55 2
3 56 1
3 59 8
3 63 6
3 65 2
3 81 8
3 83 2
3 98 6
4 5 10
4 6 1
4 11 3
4 14 7
4 21 3
4 23 7
4 24 6
4 27 5
4 28 8
4 30 1
4 34 4
4 43 4
4 45 10
4 49 2
4 55 6
4 60 8
4 61 5
4 62 8
4 70 4
4 75 3
4 78 10
4 86 5
4 92 3
5 6 10
5 8 1
5 13 10
5 15 4
5 18 10
5 19 2
5 23 8
5 24 4
5 30 5
5 38 8
5 41 2
5 49 5
5 53 3
5 54 2
5 59 4
5 65 6
5 68 8
5 76 9
5 77 8
5 78 4
6 7 10
6 10 2
6 25 7
6 26 10
6 27 5
6 36 5
6 42 2
6 44 5
6 47 10
6 49 5
6 59 2
6 60 3
6 61 2
6 62 2
6 64 3
6 67 10
6 71 5
6 72 4
6 89 10
6 91 8
6 93 7
6 95 7
7 8 10
7 9 6
7 10 8
7 12 10
7 14 1
7 20 8
7 22 2
7 32 5
7 38 9
7 47 3
7 64 9
7 66 6
7 68 10
7 72 5
7 74 5
7 79 7
7 80 8
7 85 8
7 89 10
7 90 5
7 92 8
7 94 6
8 9 10
8 10 4
8 11 4
8 14 6
8 17 2
8 20 1
8 30 2
8 32 10
8 38 1
8 39 10
8 55 6
8 57 8
8 68 1
8 73 9
8 75 10
8 78 5
8 79 1
8 87 9
9 10 10
9 25 4
9 31 10
9 33 4
9 36 6
9 44 5
9 45 10
9 49 6
9 56 2
9 59 8
9 67 2
9 76 2
9 86 7
9 88 3
9 91 7
9 95 9
9 98 9
10 11 10
10 16 8
10 18 1
10 22 4
10 28 10
10 30 6
10 43 1
10 46 10
10 47 4
10 53 9
10 70 7
10 74 2
10 76 8
10 79 5
10 83 10
10 85 1
10 88 9
10 89 7
11 12 10
11 17 9
11 19 4
11 21 4
11 28 9
11 31 2
11 43 9
11 46 2
11 53 6
11 65 5
11 66 3
11 73 3
11 84 7
11 85 4
11 86 7
11 89 6
12 13 10
12 16 5
12 23 2
12 34 7
12 42 1
12 46 10
12 54 6
12 58 8
12 60 10
12 64 3
12 77 9
12 80 1
12 93 8
12 94 3
12 95 1
13 14 10
13 29 9
13 33 1
13 34 7
13 40 2
13 44 2
13 51 5
13 52 9
13 59 7
13 64 5
13 69 6
13 75 4
13 84 7
13 89 10
14 15 10
14 21 10
14 24 3
14 26 10
14 27 6
14 29 6
14 30 5
14 37 3
14 38 3
14 46 10
14 50 1
14 53 5
14 55 10
14 63 9
14 67 4
14 68 6
14 71 8
14 72 10
14 80 10
14 94 4
14 96 5
15 16 10
15 19 7
15 24 2
15 37 2
15 38 2
15 39 3
15 48 4
15 59 7
15 64 10
15 68 1
15 72 7
15 74 2
15 85 6
15 89 3
15 93 2
15 98 5
16 17 10
16 26 1
16 32 9
16 34 8
16 39 9
16 44 4
16 48 10
16 50 8
16 59 3
16 61 10
16 67 3
16 69 1
16 74 9
16 78 4
16 93 6
17 18 10
17 21 1
17 23 1
17 26 7
17 32 2
17 33 8
17 34 9
17 42 3
17 44 5
17 45 4
17 57 6
17 62 2
17 64 2
17 65 3
17 66 1
17 72 4
17 73 1
17 76 6
17 78 9
17 84 4
17 88 8
17 91 3
18 19 10
18 24 9
18 27 3
18 33 2
18 36 8
18 42 7
18 44 2
18 49 3
18 63 1
18 68 4
18 73 9
18 75 8
19 20 10
19 21 1
19 22 3
19 33 4
19 39 6
19 42 2
19 54 8
19 60 10
19 62 3
19 64 2
19 67 7
19 78 2
19 79 8
19 85 1
19 90 7
19 95 4
19 98 7
20 21 10
20 41 1
20 43 4
20 45 3
20 52 3
20 56 5
20 58 2
20 63 3
20 64 1
20 65 8
20 72 10
20 73 6
20 80 3
20 85 3
20 89 1
20 90 4
20 92 10
20 94 8
20 97 7
21 22 10
21 37 6
21 42 9
21 48 8
21 50 7
21 53 2
21 58 9
21 61 6
21 65 2
21 67 7
21 69 9
21 70 2
21 71 1
21 74 7
21 75 1
21 79 1
21 85 7
22 23 10
22 29 4
22 32 3
22 35 1
22 36 7
22 42 8
22 54 3
22 57 7
22 64 5
22 68 7
22 71 10
22 72 6
22 82 8
22 89 3
22 94 3
22 95 1
22 98 2
23 24 10
23 30 4
23 32 1
23 37 7
23 43 7
23 52 6
23 54 5
23 60 2
23 66 4
23 74 8
23 83 3
23 93 5
23 97 9
24 25 10
24 30 4
24 46 9
24 52 9
24 57 5
24 64 10
24 70 5
24 84 8
24 87 6
25 26 10
25 31 1
25 35 4
25 36 6
25 47 7
25 66 2
25 68 8
25 70 1
25 78 9
25 84 2
25 85 8
25 86 6
25 89 4
25 93 3
25 94 1
25 97 10
26 27 10
26 37 1
26 51 4
26 60 4
26 68 2
26 71 9
26 74 1
26 76 7
26 78 5
26 82 8
26 87 9
26 89 2
26 96 2
27 28 10
27 33 2
27 41 6
27 44 4
27 53 6
27 55 1
27 60 4
27 68 4
27 70 3
27 80 1
27 91 1
27 92 5
27 93 6
27 94 2
28 29 10
28 39 2
28 41 10
28 44 9
28 45 6
28 71 1
28 76 8
28 83 2
28 84 8
28 91 10
29 30 10
29 37 7
29 39 3
29 47 9
29 52 8
29 54 8
29 56 4
29 74 9
29 76 1
29 88 4
29 97 6
30 31 10
30 32 6
30 33 5
30 37 3
30 40 9
30 41 1
30 46 2
30 61 5
30 64 10
30 65 5
30 66 2
30 68 5
30 73 8
30 81 8
30 83 5
30 88 9
30 89 4
30 92 1
30 93 10
30 94 2
31 32 10
31 37 2
31 43 3
31 48 3
31 55 7
31 56 3
31 60 7
31 69 10
31 73 3
31 75 3
31 78 8
31 91 7
32 33 10
32 36 10
32 37 6
32 40 7
32 42 4
32 45 6
32 49 3
32 50 2
32 56 7
32 59 10
32 72 10
32 73 6
32 78 5
32 80 10
32 85 6
32 92 1
33 34 10
33 36 2
33 37 10
33 45 4
33 48 6
33 50 9
33 51 1
33 54 2
33 57 5
33 59 10
33 62 5
33 63 7
33 65 7
33 73 10
33 79 8
33 82 1
33 85 1
33 88 7
33 89 7
33 94 5
33 97 9
34 35 10
34 42 6
34 44 6
34 54 6
34 63 9
34 67 5
34 72 8
34 85 1
34 97 8
35 36 10
35 37 6
35 39 2
35 46 2
35 59 6
35 65 5
35 66 3
35 71 10
35 75 5
35 77 10
36 37 10
36 40 6
36 44 7
36 57 2
36 61 1
36 63 2
36 66 3
36 74 7
36 75 8
36 76 3
36 82 3
36 89 5
36 90 3
36 91 2
36 93 4
36 95 2
37 38 10
37 46 2
37 49 1
37 54 9
37 57 5
37 58 3
37 59 4
37 60 5
37 62 3
37 68 10
37 71 7
37 73 10
37 79 8
37 80 4
37 81 5
37 83 4
37 93 10
38 39 10
38 40 5
38 44 3
38 45 1
38 47 7
38 48 5
38 51 10
38 56 8
38 60 10
38 66 2
38 68 1
38 78 9
38 81 10
38 87 10
38 88 7
38 91 1
38 98 6
39 40 10
39 44 2
39 56 1
39 57 1
39 60 2
39 66 2
39 71 1
39 76 10
39 85 8
39 86 8
39 90 1
39 94 9
39 97 2
39 98 5
40 41 10
40 43 1
40 45 9
40 46 9
40 53 10
40 58 4
40 68 9
40 82 4
40 90 7
40 96 8
41 42 10
41 56 4
41 57 1
41 58 9
41 64 3
41 66 9
41 80 10
41 87 9
41 92 8
41 98 6
42 43 10
42 45 6
42 49 8
42 59 8
42 60 7
42 63 8
42 66 1
42 67 6
42 89 7
42 94 4
43 44 10
43 46 4
43 47 7
43 52 10
43 57 3
43 70 4
43 71 10
43 75 8
43 77 8
43 78 2
43 79 4
43 89 3
43 95 5
43 97 8
44 45 10
44 47 10
44 50 5
44 58 10
44 61 8
44 65 8
44 74 3
44 75 8
44 77 8
44 78 5
44 80 10
44 88 5
44 97 8
45 46 10
45 49 1
45 55 5
45 58 5
45 59 3
45 64 2
45 66 8
45 73 2
45 75 8
45 78 8
46 47 10
46 56 2
46 57 3
46 58 10
46 63 6
46 66 1
46 75 1
46 77 1
46 80 6
46 82 9
46 86 1
46 98 8
47 48 10
47 58 8
47 59 9
47 62 5
47 67 5
47 68 1
47 76 9
47 78 2
47 89 2
47 96 1
47 98 2
48 49 10
48 53 5
48 66 4
48 67 5
48 73 9
48 91 5
49 50 10
49 53 9
49 59 8
49 63 1
49 72 8
49 79 8
49 80 9
49 82 9
49 92 3
49 94 8
49 96 3
50 51 10
50 59 1
50 63 5
50 65 9
50 67 5
50 71 8
50 82 4
50 85 3
50 88 6
50 89 4
51 52 10
51 56 1
51 57 1
51 64 8
51 66 2
51 73 2
51 75 9
51 87 3
51 89 7
51 96 9
52 53 10
52 57 3
52 60 6
52 64 3
52 76 6
52 83 1
52 85 9
52 97 6
53 54 10
53 59 2
53 65 10
53 66 4
53 73 7
53 74 2
53 79 10
53 84 6
53 86 5
53 92 3
54 55 10
54 60 4
54 63 9
54 71 7
54 72 8
54 73 7
54 74 1
54 96 3
54 97 10
55 56 10
55 57 10
55 61 9
55 65 2
55 66 6
55 68 7
55 71 4
55 78 4
55 79 5
55 81 10
55 88 8
55 92 7
55 96 2
55 98 3
56 57 10
56 60 4
56 66 8
56 70 7
56 74 6
56 78 9
56 86 5
56 89 2
56 93 4
57 58 10
57 61 4
57 67 5
57 68 9
57 73 10
57 77 4
57 89 1
57 93 10
57 98 9
58 59 10
58 65 9
58 69 2
58 79 4
58 80 4
58 82 6
58 87 2
58 94 2
58 95 6
58 96 3
58 97 4
58 98 6
59 60 10
59 64 3
59 73 2
59 85 10
60 61 10
60 63 1
60 65 6
60 70 8
60 73 10
60 77 8
60 81 3
60 82 8
60 85 8
60 87 7
60 93 6
61 62 10
61 63 8
61 67 8
61 70 10
61 82 5
61 85 5
61 87 2
61 90 5
61 91 7
61 94 7
61 97 4
62 63 10
62 69 1
62 70 8
62 72 7
62 73 9
62 83 9
62 85 1
62 88 1
62 89 5
62 92 9
62 93 1
62 96 1
63 64 10
63 65 8
63 67 10
63 69 9
63 71 8
63 82 4
63 91 2
63 97 10
64 65 10
64 73 10
64 80 7
64 86 9
64 92 10
65 66 10
65 70 8
65 74 7
65 76 4
65 83 5
65 85 5
65 87 7
65 91 1
65 98 9
66 67 10
66 82 8
66 89 2
67 68 10
67 70 3
67 76 2
67 81 6
67 88 2
67 95 7
67 98 3
68 69 10
68 72 8
68 73 1
68 89 10
69 70 10
69 74 7
69 82 3
69 92 5
69 95 10
70 71 10
70 72 8
70 77 5
70 85 5
71 72 10
71 74 9
71 77 4
71 85 8
71 88 7
71 93 4
72 73 10
72 77 7
72 80 8
72 82 7
72 91 7
72 92 6
72 96 6
72 97 2
73 74 10
73 76 5
73 77 10
73 88 10
73 93 6
74 75 10
74 78 5
74 92 4
74 95 8
75 76 10
75 85 3
75 86 4
75 96 1
75 98 9
76 77 10
76 84 7
76 85 3
76 88 7
77 78 10
77 84 8
77 98 1
78 79 10
78 81 5
78 85 10
78 93 1
79 80 10
79 93 10
80 81 10
80 82 7
80 83 2
80 88 1
80 89 2
80 90 1
80 92 10
81 82 10
81 87 8
82 83 10
82 93 8
82 97 1
83 84 10
83 88 5
83 90 2
84 85 10
84 95 8
84 96 6
85 86 10
85 89 6
85 92 2
86 87 10
86 90 9
86 92 8
86 96 7
87 88 10
87 92 1
88 89 10
88 95 7
88 98 5
89 90 10
89 95 5
89 97 3
90 91 10
91 92 10
91 96 5
92 93 10
92 97 4
93 94 10
94 95 10
94 97 5
94 98 3
95 96 10
96 97 10
97 98 10
20
84 3 10 73 4
80 4 39 71 46 7
27 7 79 2 28 30 13 56 0
81 2 0 71
42 0
60 0
35 0
39 3 39 13 98
8 2 21 52
67 4 53 67 84 57
8 9 44 11 66 51 4 59 46 17 65
10 0
35 9 87 67 70 24 24 30 92 57 66
25 4 90 30 5 72
67 3 60 91 84
12 2 15 64
38 3 34 59 87
29 9 60 30 35 3 16 89 0 74 99
20 6 7 41 63 47 14 37
14 3 33 47 63
61
43
37
9
20
84
5
21
31
0
24
97
85
21
61
61
35
44
0
43
31
18
40
83
29
65
77
20
20
48
30
73
75
74
3
76
86
79
3
73
12
68
71
67
80
24
27
44
45
64
66
56
29
67
46
71
67
13
76
16
18
7
