19
256
300
300
300
323
345
345
628
672
672
672
741
749
749
749
867
867
908
949
20
103
110
120
120
152
152
224
313
354
439
439
439
599
610
674
674
901
906
931
931
49
13
62
96
105
105
105
105
162
219
251
265
341
341
349
355
368
438
438
438
466
471
478
493
496
496
519
530
530
530
555
597
626
649
701
735
736
738
754
756
762
773
778
778
821
830
868
944
944
956
16
272
272
279
279
477
531
531
552
635
699
699
783
985
985
985
985
20
240
241
241
277
277
277
550
571
571
571
585
617
716
716
716
784
820
820
925
925
30
85
116
116
124
201
201
209
209
217
217
217
270
270
278
292
386
386
564
564
679
843
879
879
879
941
941
960
960
960
962
52
128
155
166
166
198
204
204
204
206
216
216
218
218
232
297
297
305
312
343
418
451
451
475
518
522
545
569
576
587
603
603
603
606
678
678
688
689
689
721
726
788
824
832
835
854
854
862
862
862
917
974
974
35
54
54
56
169
246
246
284
284
385
390
406
406
410
410
413
460
460
470
624
624
627
661
668
732
732
740
740
740
795
856
856
954
971
971
984
8
48
48
196
196
556
556
792
943
10
23
23
58
171
282
282
464
464
719
771
4
99
640
776
776
10
2
5
144
184
511
690
702
702
882
946
30
44
46
93
93
109
109
135
220
315
334
334
353
353
382
382
411
411
419
595
596
596
596
625
639
639
715
813
948
970
982
29
49
49
324
324
378
378
378
400
452
452
574
574
588
588
602
611
615
667
751
751
752
759
794
812
892
892
916
930
930
5
73
357
357
483
483
9
43
118
118
118
118
442
616
616
710
2
933
933
33
61
61
61
68
72
80
80
80
140
261
295
348
377
467
467
476
480
561
561
593
593
651
651
657
681
711
765
872
872
877
877
996
996
35
22
22
86
125
146
157
157
157
174
174
174
227
227
254
269
269
294
294
319
327
356
356
383
437
523
524
563
566
566
589
634
841
871
871
939
16
3
40
288
288
304
347
373
373
517
517
544
567
605
605
614
692
27
31
31
83
101
101
101
106
114
132
182
182
182
314
314
376
399
443
489
631
643
731
734
801
890
922
922
936
4
191
271
433
858
13
4
39
39
39
41
281
281
423
641
714
780
780
929
8
108
108
431
431
572
737
827
828
21
1
1
95
151
151
151
213
264
594
601
663
706
706
755
815
815
849
849
853
885
885
9
37
360
535
700
764
764
852
852
909
12
17
36
36
36
141
141
245
274
274
798
907
907
2
104
367
0
10
100
440
539
613
662
811
811
847
847
847
2
619
782
15
29
32
32
158
230
247
247
384
384
461
461
578
761
855
972
9
60
179
289
289
289
351
468
630
918
2
145
865
6
33
70
70
115
435
435
12
127
147
147
229
229
307
607
607
803
926
926
926
0
3
647
647
696
3
381
403
436
6
194
320
592
592
600
600
4
352
565
789
945
12
161
161
168
248
253
258
387
912
928
951
957
959
12
78
472
510
680
851
851
932
942
947
965
965
965
2
325
969
0
3
200
346
750
5
298
316
316
453
829
1
401
3
456
456
999
0
2
769
822
1
199
10
208
244
398
398
398
398
446
646
646
682
5
81
238
263
263
707
2
53
848
0
0
2
562
770
0
1
823
1
76
2
260
503
3
172
338
881
7
205
207
207
332
374
374
374
4
408
967
967
967
2
8
372
1
991
0
0
0
1
225
2
686
964
1
802
0
1
836
0
0
0
0
0
0
2
129
880
0
0
3
777
927
927
2
337
337
0
1
742
0
1
214
1
568
0
0
0
0
0
0
0
0
0
0
0
2
536
536
0
0
0
0
0
0
0
0
0
0
0
2
293
293
0
0
0
0
0
0
0
0
0
0
0
0
0
0
0
0
0
0
0
1
538
0
0
0
3
724
724
724
0
0
0
0
0
0
0
0
0
0
0
0
0
0
0
0
0
0
0
0
0
0
0
0
0
0
0
0
0
0
0
0
0
0
0
0
0
0
0
0
0
0
0
0
0
0
0
0
0
0
0
0
0
0
0
0
0
0
0
0
0
0
